Fairall_Fig3_WebPlotDig_bubble_data=[...
1.892400967	2753.412744
2.006009278	2791.729821
2.176424434	2870.276989
3.276063659	2907.120224
3.768559188	2967.540543
6.127909446	4735.89782
6.949906871	6176.432271
10.53201844	18124.83487
11.86337017	26071.83732
16.10681285	68425.95588
19.85623764	135774.1086
22.88552486	203667.3089
27.17841518	284833.4837
30.85918969	332118.2048
35.51091161	327362.036
38.57147263	300915.8177
42.45470378	237123.6804
46.19243209	184264.2364
48.51360087	147269.1888
50.63291016	122751.8644
52.88236358	95399.96708
54.28724641	72099.63513
56.9908772	60095.4449
58.13093074	48034.24527
61.40986006	38389.6453
63.90041745	24185.42468
65.54209872	19879.88416
66.46364103	15890.25918
69.02170227	12178.10203
71.78015338	8114.020236
73.00695645	4833.811426
76.92658224	2799.874744
80.05781691	1739.39816
82.32491939	1111.305002];


Fairall_Fig3_WebPlotDig_data=[...
1.93431463	2671.475007
1.997754096	2777.415679
2.149537877	2776.553998
2.220342175	2830.8774
2.350312904	2857.943666
2.467900997	2857.352526
2.633886954	2856.564529
2.904030864	2855.382942
3.175935324	2854.30025
3.307805945	2853.808253
3.388841121	2938.272802
3.766942402	2936.956158
3.82821602	2994.62432
3.954314821	3053.214277
4.084567229	3112.950549
4.219110061	3173.855564
4.393689229	3235.840624
4.574861214	3364.045934
4.802089387	3531.499533
5.041298916	3635.645743
5.334190816	3891.693704
5.644877717	4085.271409
5.689425665	4247.717263
6.167451043	4681.446017
6.216123008	4867.59803
6.47199602	5110.070782
6.523521185	5261.67704
6.737007704	5523.970747
6.790174466	5743.624733
7.069677042	6029.735559
7.125469146	6269.500668
7.298520122	6646.798659
7.415193369	7047.045367
7.657332423	7470.878349
8.034892777	8234.855366
8.163337587	8730.729232
8.565847556	9623.539443
8.914138099	10817.05269
9.354957851	11692.79743
9.660438846	12396.04155
9.814869436	13142.48733
10.13257347	14487.44581
10.2132414	14917.26128
10.37722455	15661.96414
10.45911899	16284.74312
10.62631718	17265.35275
10.71017739	17951.88853
11.05838718	19406.60517
11.2351652	20575.2023
11.50802531	21813.41614
11.69199119	23126.94291
11.88135548	23812.25513
11.97264319	25494.55636
12.1673919	25995.15089
12.26172277	27561.43716
12.66212257	29219.07459
12.86276371	31588.99658
13.17333526	34149.96253
13.38207695	36919.82258
13.70518732	39912.96635
14.0360992	43148.76864
14.61084156	46643.68575
15.20492381	52428.44478
15.56989947	57795.79019
15.94363592	63712.61588
16.58962208	73025.47337
17.26416228	82082.10685
17.82053966	92265.12676
18.39738456	101707.2332
19.14410894	115441.8744
19.60499174	126024.5587
20.24239016	136236.856
20.73114286	147281.7763
21.75033428	165541.9834
22.45438532	182482.9999
23.36738897	205114.5772
24.52294731	221720.5806
25.52709928	239679.2635
26.5723687	259092.5442
27.6642541	274665.7704
28.11036786	285577.675
31.21656056	327230.2261
31.97910385	340218.6782
32.49479887	353734.8646
33.55127131	382399.4809
34.64686959	405398.2703
35.2007302	429809.9204
37.5371861	483065.0642
39.0796269	512100.5639
40.67983767	553579.1294
42.69152694	598396.6993
44.42738028	672609.9749
46.6115341	756001.1303
48.52684899	801441.9462
50.4999687	900836.933
53.4265726	983282.0389
56.96098834	1137940.478
59.28521865	1254350.278
64.26636099	1382430.314
67.95795317	1615612.024
71.29892493	1815917.934
76.64199561	2081063.199
80.44316963	2206073.208
85.15201925	2227165.666
91.60268094	2292609.086
100.9978854	2291660.773
102.6407313	2336658.334
113.1680504	2335691.801
114.0690094	2404987.415
122.7271915	2427814.296
124.7234894	2475485.279
135.2960134	2474631.951
138.6105175	2547873.967
154.0756314	2546732.262
159.1398029	2622017.84
172.6297188	2621114.001
175.4377383	2672580.491
187.2373206	2671843.451
193.3781187	2777798.734
206.3843342	2777032.677
214.9389663	2803777.454
220.5084664	2374994.258
226.1754914	2071542.435
230.0447656	1878839.739
235.9080661	1687459.089
243.8972478	1515520.427
246.1103497	1334935.941
250.2343692	1271286.41
252.4527452	1153066.304
265.3757828	986201.8235
272.1020602	903200.4523
276.7379357	827213.2168
283.8109046	735738.6394
291.064647	654379.4689
296.0644201	587743.9308
303.6522797	517674.5781
311.4131352	460429.2848
316.784288	409528.3877
324.925583	357203.1513
333.1841973	323963.5966
341.6998403	288139.1773
347.6413076	251332.4444
359.439193	223531.9887
365.6386836	198820.314
378.0994844	173411.1635
387.8165681	151254.5062
394.4783006	135852.2421
404.5884177	119656.2796
411.6233899	104371.4552];
%}
%{
Fairall_Fig3_WebPlotDig_olddata=[...
1.914922394	2715.042759
1.98269832	2791.829007
2.25393626	2890.128338
3.201048921	2846.918463
3.812054162	3030.400675
4.807436584	3607.294929
5.586425021	4295.079975
7.233953674	6716.746689
9.355392463	11914.05552
10.47213372	17873.21
13.05981754	35963.53972
15.93095839	63802.87191
19.51668037	132032.7517
23.14636946	210913.2836
28.13635735	297017.746
31.2131343	341535.3665
34.98869369	445437.1875
77.10717345	2222447.734
206.5492794	2791481.873
403.7319334	106046.7138];
%}




