


% corresponding to U10 = 36 m/s
% S0 has units of m^-2 s^-1 micrometers^-1

S0 = [...
85.38004195	24.40336563
94.13151528	20.58810271
104.2469099	16.3060984
113.4155346	13.76011407
123.9381499	11.61071284
136.0381083	9.796266894
151.9908289	8.090758751
168.3203955	6.54418495
182.3041865	5.882479288
199.2464425	4.284194638
229.6986447	2.473421269
248.7766129	2.270573231
267.0634451	2.084698177
280.405306	1.997062456
303.1150568	1.337389549
324.7684178	0.91480185
351.8065648	0.694978281
377.7126445	0.562449354
403.8325984	0.353703838
426.0266485	0.242009169
473.9205923	0.183766044
523.941642	0.087868787
576.4847998	0.06007489
627.9358998	0.014660295
676.4694065	0.034672199
704.0871321	0.029282261
736.3823853	0.01623832
766.8801832	0.007611182
823.984022	0.002770296
876.5761539	0.003139279
924.7141041	0.002240202
970.7143476	0.002648265
1024.208346	0.001563959
1109.208232	0.001529187
1185.865327	0.001002956
1302.746042	0.000349877];










